465	0
673	1
47	1
936	2
761	3
502	4
822	5
322	6
920	7
322	7
409	8
263	9
512	9
960	9
165	10
301	11
97	12
579	13
50	14
795	15
98	15
761	16
703	17
47	18
920	19
322	19
664	19
842	19
47	19
432	20
703	21
664	22
79	23
522	24
878	25
664	26
785	27
920	28
502	29
70	30
479	31
47	31
25	32
675	33
920	33
842	33
47	34
629	35
842	36
629	37
761	38
97	39
785	40
761	41
979	42
791	43
805	44
465	44
761	45
199	46
127	47
455	48
281	49
322	50
162	51
25	52
281	53
920	54
410	55
269	56
785	57
579	58
162	59
97	60
629	61
629	62
627	63
70	64
70	65
629	66
875	67
410	68
378	69
587	70
774	71
947	72
127	73
248	74
257	74
988	74
257	74
577	74
534	75
479	76
761	77
47	77
97	78
312	79
741	79
878	80
947	81
703	82
483	83
803	84
127	85
294	86
664	87
448	88
47	89
70	90
761	90
97	91
70	92
986	93
340	94
842	95
502	96
367	96
547	97
936	98
50	99
845	100
845	101
664	101
673	102
309	103
920	104
199	104
322	104
377	104
842	104
646	105
771	105
824	105
728	105
287	106
162	107
664	108
150	109
127	110
502	111
774	112
465	112
701	113
201	113
579	114
872	115
971	115
769	115
920	116
920	117
920	118
165	119
664	120
368	121
434	122
579	123
986	124
25	125
499	126
703	127
920	128
878	128
845	129
139	130
983	131
47	132
630	133
292	133
822	134
842	135
761	136
850	136
842	136
663	137
302	138
287	139
880	140
410	141
920	142
723	143
643	144
961	145
986	146
74	147
702	147
625	147
152	148
50	149
419	150
434	151
431	151
839	151
703	152
878	153
410	154
979	155
361	156
901	156
337	157
633	157
371	158
322	159
283	160
199	161
371	162
377	163
947	164
673	165
579	166
628	167
97	168
961	169
663	170
803	171
249	172
361	172
663	172
901	172
322	173
165	174
664	175
410	176
70	177
448	178
785	179
25	180
541	181
785	182
287	183
842	184
961	184
629	185
410	186
796	187
64	188
502	189
243	190
377	191
663	192
879	193
979	194
410	195
579	196
715	197
879	198
91	199
830	199
678	199
962	199
719	200
502	201
245	202
570	202
64	203
847	204
461	205
377	206
378	207
359	207
97	208
401	209
25	210
359	211
378	211
880	212
842	213
629	214
359	215
378	215
55	216
356	217
761	218
359	219
378	219
796	220
664	221
359	222
378	222
359	223
378	223
878	224
479	225
359	226
378	226
673	227
359	228
378	228
127	229
663	230
664	231
45	232
70	233
359	234
378	234
516	235
674	235
467	236
12	237
12	238
245	239
920	240
850	240
359	241
378	241
616	242
653	243
920	244
761	245
359	246
378	246
256	247
725	247
834	247
806	247
361	248
901	248
419	249
322	250
629	251
761	252
359	253
378	253
986	254
152	255
664	256
703	257
39	258
600	259
479	260
47	261
785	262
371	263
629	264
629	265
629	266
127	267
356	268
570	269
517	269
961	269
33	269
887	269
210	270
410	271
137	272
90	272
190	272
806	272
302	273
805	274
309	275
703	276
896	277
247	278
718	278
287	279
134	280
819	280
356	281
739	282
249	283
361	283
185	284
761	285
842	285
465	286
711	287
371	288
81	289
410	290
237	291
132	291
127	292
761	293
920	293
245	293
842	293
465	293
127	294
629	295
465	296
629	297
850	298
629	299
629	300
629	301
302	302
629	303
629	304
629	305
629	306
629	307
629	308
629	309
686	310
761	311
629	311
570	311
880	311
761	312
703	313
165	314
703	314
947	315
761	316
600	316
761	317
600	317
785	318
25	319
356	320
287	321
546	322
762	323
461	323
199	324
845	325
880	325
70	326
879	327
377	328
803	329
120	330
199	331
616	332
465	333
432	334
876	335
672	335
981	336
50	337
499	338
616	339
502	340
479	341
428	342
956	342
329	343
819	343
762	344
805	345
761	346
199	346
842	346
114	347
803	348
645	349
878	350
479	351
597	352
819	352
805	353
874	354
761	355
842	355
761	356
70	357
180	358
309	359
106	360
979	361
465	362
727	363
127	364
802	365
170	365
25	366
879	367
547	368
70	369
27	370
886	371
878	371
368	372
122	373
761	374
986	374
30	375
872	376
30	376
170	377
920	378
66	379
337	380
879	381
25	382
796	383
765	384
306	384
301	384
673	384
774	384
410	385
703	386
842	387
264	388
947	389
761	390
170	391
761	392
803	392
579	393
477	394
502	395
845	396
70	397
127	398
156	399
465	400
986	401
371	402
986	403
745	404
70	405
25	406
570	407
185	408
301	409
50	410
162	411
842	412
629	413
47	413
865	414
785	415
287	416
920	417
627	418
796	419
579	420
287	421
774	422
152	423
368	424
547	425
25	426
986	427
199	428
467	429
7	429
479	430
579	431
616	432
880	433
25	434
506	435
162	436
369	437
961	437
802	438
629	439
664	440
64	441
64	442
47	443
132	444
237	444
986	445
979	446
920	447
368	448
785	449
401	450
4	451
152	452
368	453
266	454
842	455
367	456
803	457
165	458
761	459
368	460
616	461
920	462
339	463
932	463
973	464
846	465
97	466
761	467
761	468
842	468
368	469
448	470
803	471
97	472
673	473
47	473
878	474
479	475
518	476
675	477
774	477
796	478
436	479
47	479
761	480
842	480
152	481
375	482
47	483
814	484
323	485
629	486
629	487
281	488
127	489
879	490
499	491
482	492
761	492
36	493
50	494
802	495
170	495
878	496
245	497
983	498
150	499
986	500
761	501
632	502
785	503
502	504
724	505
560	506
462	507
761	508
525	509
761	510
842	510
652	511
886	511
306	511
322	511
434	512
356	513
356	514
956	515
70	516
25	517
381	518
979	519
761	520
986	521
55	522
47	523
644	524
327	524
562	524
923	524
99	524
520	524
340	525
340	526
371	527
322	528
114	529
323	530
323	531
761	532
785	532
875	533
761	534
493	534
691	535
947	536
936	536
920	537
579	538
419	539
803	540
979	541
448	542
570	543
629	544
600	545
287	546
822	547
723	548
64	549
459	550
796	551
114	552
244	553
50	554
499	555
465	556
127	557
356	558
280	559
97	560
114	561
25	562
25	563
796	564
162	565
252	566
30	567
973	568
579	569
368	570
70	571
983	572
30	573
241	573
846	574
245	575
434	575
477	576
879	577
616	578
287	579
302	580
502	581
785	581
322	582
114	583
465	584
761	585
570	585
322	586
774	586
842	586
616	587
97	588
878	589
527	590
42	590
245	591
875	592
356	593
309	594
629	595
25	596
920	597
25	598
25	599
803	600
629	601
47	602
287	603
356	604
432	605
576	606
47	606
97	607
975	608
836	608
233	608
700	608
970	608
89	608
458	608
898	608
761	609
986	610
368	611
920	612
448	613
556	614
570	615
803	615
479	616
199	617
1	618
236	618
181	618
281	619
502	620
349	621
22	622
887	623
570	623
152	624
410	624
579	625
887	626
570	626
874	627
508	628
432	629
845	630
70	631
127	632
502	633
687	634
64	634
145	635
629	636
502	636
616	636
785	636
880	636
356	637
664	638
616	639
785	640
11	641
822	642
324	643
874	644
703	645
884	646
70	647
47	648
502	649
514	650
70	651
628	652
920	653
842	654
920	655
920	656
845	657
629	658
25	659
673	660
986	661
920	662
845	663
785	664
535	665
336	665
519	666
616	667
986	668
419	669
629	670
664	671
664	672
842	672
805	673
715	674
878	675
785	676
287	677
465	678
874	679
287	680
410	681
629	682
616	683
479	684
448	685
480	686
629	687
25	688
347	689
199	690
878	691
796	692
579	693
162	694
419	695
64	696
340	696
629	696
174	696
337	696
322	697
377	698
715	698
805	699
502	700
174	701
410	702
947	703
936	703
25	704
805	705
761	706
803	706
878	706
920	707
886	708
616	709
881	710
70	711
7	711
410	712
880	713
502	714
979	715
629	716
199	717
47	718
410	718
349	719
47	719
152	720
774	721
70	722
281	723
25	724
70	725
371	726
785	727
875	728
47	729
616	730
502	731
199	732
986	733
721	734
875	735
368	736
368	737
878	738
647	739
387	739
309	740
309	741
649	742
774	743
170	744
629	745
373	746
986	747
499	748
25	749
774	750
887	751
845	751
322	752
880	753
887	754
165	755
845	756
152	757
774	758
50	759
761	760
25	761
598	762
153	763
629	764
372	765
50	766
857	767
235	768
127	769
401	770
444	771
785	772
309	773
629	774
880	775
985	776
880	777
986	778
629	779
25	780
243	781
212	782
419	783
745	784
872	785
745	786
429	787
167	787
322	788
309	788
616	789
211	790
448	791
936	792
664	793
570	794
499	795
664	796
322	797
703	798
805	799
703	800
215	801
629	802
880	803
245	804
434	804
18	805
448	806
761	807
920	807
986	807
199	807
245	807
322	807
170	807
152	808
97	809
600	810
465	811
629	812
199	813
920	814
502	815
570	815
779	816
673	817
723	818
25	819
97	820
797	821
410	822
518	823
703	824
616	825
448	826
70	827
502	828
880	828
175	829
643	830
281	831
761	832
434	833
465	834
961	835
616	836
802	836
880	837
410	838
70	839
359	840
378	840
502	841
920	842
322	842
664	842
842	842
47	842
64	843
842	844
50	845
368	846
70	847
936	847
977	848
905	848
359	849
378	849
287	850
721	851
142	852
532	852
791	853
50	854
340	855
986	856
761	857
803	858
359	859
378	859
629	860
251	861
127	862
199	863
842	864
127	865
70	866
629	867
368	868
759	869
41	870
755	870
72	871
576	872
556	873
70	873
162	874
761	875
127	876
629	877
322	878
616	879
97	880
774	881
785	882
25	883
422	884
170	885
616	886
359	887
378	887
796	888
979	889
359	890
378	890
894	891
676	892
618	892
877	893
774	894
920	895
850	896
322	896
349	897
359	898
378	898
359	899
378	899
986	900
359	901
378	901
880	902
875	903
448	904
377	905
70	906
127	907
143	908
25	909
199	910
301	911
448	912
850	913
266	914
986	915
322	915
499	916
70	917
340	918
162	919
127	920
422	921
761	922
629	923
502	923
885	924
379	925
525	925
18	925
563	925
874	925
281	926
152	927
880	928
979	929
162	929
878	929
796	929
436	929
424	929
4	929
922	929
39	929
410	930
375	931
803	931
371	932
803	933
629	934
880	935
356	936
522	936
127	937
448	938
616	939
842	940
410	941
664	942
377	943
878	943
467	944
419	945
920	946
809	947
499	948
440	949
721	950
101	951
127	952
72	953
70	954
377	954
7	954
377	955
72	956
616	957
70	958
920	959
842	959
70	960
785	961
97	962
600	963
761	964
70	965
410	965
375	966
499	967
785	968
377	969
878	969
502	970
802	971
170	971
761	972
88	973
529	973
598	974
785	975
468	976
199	977
785	978
30	979
127	980
468	981
70	982
822	983
174	984
356	985
180	985
127	986
796	987
36	988
703	989
26	990
502	991
579	992
371	993
134	994
819	994
556	995
340	996
2	997
492	998
890	998
279	998
761	999
344	999
25	1000
152	1001
410	1002
865	1003
70	1004
590	1005
219	1005
30	1006
502	1007
394	1008
410	1009
368	1010
410	1011
663	1012
265	1013
533	1013
806	1013
346	1013
108	1013
656	1014
25	1015
476	1016
533	1016
557	1016
806	1016
321	1017
506	1018
616	1019
664	1020
287	1021
127	1022
70	1023
70	1024
35	1025
371	1026
774	1027
616	1028
880	1029
26	1030
761	1031
986	1031
796	1032
920	1033
629	1034
805	1035
502	1036
664	1037
241	1038
241	1039
70	1040
795	1041
46	1041
664	1042
805	1043
162	1044
162	1045
616	1045
199	1046
629	1047
180	1048
72	1049
629	1050
25	1051
880	1052
663	1053
785	1054
961	1055
47	1055
805	1055
180	1056
50	1057
785	1058
410	1059
499	1060
479	1060
127	1061
909	1062
70	1063
465	1063
120	1064
375	1065
127	1066
673	1067
469	1068
432	1069
774	1070
371	1071
47	1072
250	1073
651	1074
920	1075
616	1075
322	1075
842	1075
487	1076
221	1077
146	1077
568	1077
908	1077
873	1077
579	1078
719	1079
920	1080
761	1081
165	1082
616	1083
375	1084
879	1085
199	1086
245	1087
127	1088
8	1088
11	1089
842	1090
809	1091
97	1092
920	1093
36	1094
502	1095
673	1095
47	1095
920	1096
152	1097
673	1098
110	1099
234	1099
25	1100
127	1101
880	1102
478	1103
465	1104
805	1105
985	1106
50	1107
878	1108
920	1109
663	1110
508	1111
502	1112
479	1113
805	1114
947	1115
356	1116
251	1117
920	1118
671	1119
163	1119
294	1120
490	1121
761	1122
10	1123
726	1124
979	1125
518	1126
805	1127
846	1128
546	1129
165	1130
479	1131
673	1132
785	1133
165	1134
761	1135
245	1136
174	1137
920	1138
761	1139
309	1140
944	1141
761	1142
127	1143
8	1143
127	1144
8	1144
663	1145
920	1146
895	1147
888	1148
707	1149
967	1149
104	1150
827	1151
69	1151
410	1152
502	1153
579	1154
785	1155
616	1156
127	1157
502	1158
502	1159
850	1160
879	1160
333	1161
579	1162
761	1163
479	1164
174	1165
502	1166
785	1167
127	1168
8	1168
174	1169
354	1170
450	1170
97	1171
127	1172
893	1173
371	1174
880	1175
691	1176
127	1177
8	1177
880	1178
368	1179
880	1180
41	1181
588	1181
54	1182
479	1183
411	1184
629	1185
367	1186
675	1187
920	1187
842	1187
703	1188
604	1189
225	1190
785	1191
742	1192
77	1192
758	1193
127	1194
8	1194
629	1195
379	1196
761	1197
47	1197
644	1198
709	1198
703	1199
70	1200
761	1201
850	1201
389	1202
97	1203
39	1204
979	1205
127	1206
8	1206
127	1207
761	1208
802	1208
880	1209
761	1210
389	1211
127	1212
8	1212
865	1213
796	1214
664	1215
986	1216
32	1217
796	1218
127	1219
920	1220
371	1221
410	1222
267	1223
880	1224
761	1225
70	1226
629	1227
846	1228
761	1229
371	1230
803	1231
522	1232
70	1233
502	1234
664	1235
616	1236
258	1237
826	1237
501	1237
518	1238
25	1239
322	1240
377	1241
410	1242
356	1243
875	1244
497	1244
25	1245
317	1246
802	1247
785	1248
301	1249
70	1250
986	1251
47	1252
127	1253
36	1254
97	1255
496	1256
410	1257
878	1258
664	1259
616	1260
154	1261
663	1262
880	1263
629	1264
785	1265
302	1266
986	1267
127	1268
4	1269
979	1270
410	1271
842	1272
809	1273
502	1274
936	1275
25	1276
802	1277
986	1278
920	1279
377	1280
715	1280
100	1281
410	1282
761	1283
850	1283
875	1284
796	1285
778	1285
410	1286
287	1287
47	1288
865	1289
883	1290
986	1291
70	1292
393	1293
47	1294
499	1295
412	1296
811	1296
127	1297
8	1297
369	1298
664	1299
872	1300
971	1300
769	1300
796	1301
122	1302
174	1303
985	1304
357	1305
651	1306
396	1307
986	1308
64	1308
395	1309
337	1310
240	1310
664	1311
664	1311
875	1312
394	1312
227	1313
955	1313
761	1314
920	1314
629	1314
518	1314
337	1314
340	1315
97	1316
468	1317
761	1318
875	1319
394	1319
675	1320
850	1320
465	1320
152	1321
796	1322
25	1323
454	1324
681	1324
541	1324
114	1325
489	1326
888	1327
803	1328
986	1329
175	1330
25	1331
563	1332
805	1333
886	1334
448	1335
888	1336
103	1336
961	1337
986	1338
986	1339
761	1340
84	1341
761	1342
386	1342
245	1342
660	1343
785	1344
114	1345
468	1346
127	1347
822	1348
878	1349
461	1349
663	1350
287	1351
287	1352
301	1353
936	1354
174	1355
878	1356
805	1356
377	1357
371	1358
199	1359
664	1360
643	1361
703	1361
761	1362
920	1362
162	1362
322	1362
309	1362
45	1363
518	1364
616	1365
802	1366
170	1366
33	1367
663	1368
306	1369
465	1369
439	1370
959	1370
456	1371
47	1372
920	1373
410	1374
411	1375
176	1375
174	1376
802	1377
301	1378
322	1379
448	1380
170	1381
97	1382
499	1383
986	1384
349	1385
920	1386
114	1386
896	1387
76	1388
162	1389
72	1390
502	1391
127	1392
517	1393
772	1394
502	1395
796	1396
629	1397
180	1398
664	1399
502	1400
394	1401
70	1402
127	1403
33	1403
47	1404
910	1405
761	1406
64	1407
822	1408
127	1409
127	1410
8	1410
875	1411
394	1411
70	1412
377	1413
72	1414
127	1415
629	1416
127	1417
973	1418
377	1419
715	1419
888	1420
111	1420
127	1421
170	1422
468	1423
629	1424
502	1425
313	1426
805	1427
880	1428
436	1429
629	1430
377	1431
715	1431
436	1432
761	1433
846	1433
802	1433
170	1433
47	1433
576	1434
448	1435
579	1436
880	1437
601	1438
761	1439
933	1440
668	1440
25	1441
875	1442
556	1442
572	1443
986	1444
845	1445
629	1445
570	1445
805	1445
887	1445
648	1446
25	1447
663	1448
420	1449
716	1449
388	1449
794	1449
522	1450
70	1451
322	1452
322	1453
127	1454
162	1455
502	1456
245	1457
434	1457
371	1458
428	1459
352	1459
805	1460
629	1461
419	1462
55	1463
171	1464
180	1465
673	1466
47	1466
629	1467
127	1468
502	1469
525	1470
518	1471
872	1472
518	1473
322	1474
774	1475
322	1476
616	1477
558	1478
968	1478
845	1479
127	1480
880	1481
879	1482
513	1482
920	1483
359	1484
378	1484
127	1485
64	1486
764	1487
410	1488
377	1489
920	1490
979	1491
850	1492
673	1492
461	1492
64	1493
850	1494
673	1494
461	1494
127	1495
55	1496
961	1497
371	1498
402	1499
828	1499
803	1500
639	1500
880	1501
664	1502
878	1503
573	1504
616	1505
986	1506
502	1507
159	1508
761	1509
761	1510
629	1510
367	1510
570	1510
410	1510
616	1511
802	1512
170	1512
774	1513
371	1514
97	1515
170	1516
802	1516
4	1517
502	1518
85	1519
410	1520
673	1521
842	1521
47	1521
287	1522
175	1523
576	1524
368	1525
127	1526
127	1527
673	1528
47	1528
432	1529
410	1530
616	1531
410	1532
165	1533
114	1534
114	1535
773	1536
195	1537
761	1538
761	1539
616	1540
25	1541
802	1542
170	1542
465	1543
371	1544
371	1545
170	1546
805	1547
495	1548
97	1549
576	1549
101	1550
240	1551
872	1552
805	1553
875	1554
394	1554
875	1555
598	1556
774	1557
797	1558
850	1559
322	1559
803	1560
70	1561
797	1562
26	1563
947	1563
349	1564
419	1565
322	1566
371	1567
317	1568
879	1569
70	1570
499	1571
410	1572
570	1573
803	1573
673	1574
368	1575
419	1576
499	1577
761	1578
673	1578
311	1579
236	1579
499	1580
894	1581
311	1582
236	1582
313	1583
986	1584
880	1585
468	1586
451	1587
783	1587
953	1587
571	1587
71	1588
381	1589
920	1590
502	1591
774	1592
761	1593
920	1593
394	1594
902	1595
500	1596
355	1596
866	1597
805	1598
673	1599
761	1600
421	1601
301	1602
802	1603
170	1603
847	1604
378	1605
499	1606
394	1607
521	1608
118	1608
684	1609
23	1609
273	1609
806	1609
136	1609
515	1609
907	1609
545	1609
561	1609
536	1609
70	1610
162	1611
664	1612
579	1613
761	1614
25	1615
434	1616
880	1617
785	1618
368	1619
269	1620
878	1621
301	1622
36	1623
25	1624
579	1625
375	1626
375	1626
920	1627
920	1628
499	1629
920	1630
154	1631
600	1632
70	1633
359	1634
378	1634
174	1635
805	1635
572	1636
175	1637
70	1638
761	1639
920	1639
410	1640
903	1641
290	1641
410	1642
502	1643
47	1644
845	1645
152	1646
162	1647
215	1648
127	1649
920	1650
842	1651
879	1652
629	1653
664	1654
47	1655
26	1656
70	1656
979	1657
432	1658
570	1659
961	1659
819	1660
931	1660
114	1661
174	1662
865	1662
761	1663
629	1663
986	1664
616	1664
842	1664
64	1664
683	1665
68	1665
165	1666
428	1667
629	1668
410	1669
70	1670
31	1671
636	1671
832	1671
26	1672
70	1672
479	1673
162	1674
378	1675
797	1676
465	1677
340	1678
191	1679
485	1679
761	1680
560	1681
322	1682
309	1683
712	1684
878	1685
180	1686
25	1687
761	1688
50	1689
774	1690
850	1691
669	1692
92	1692
820	1692
538	1692
410	1693
703	1694
745	1695
895	1696
920	1697
245	1697
371	1698
165	1699
875	1699
579	1700
199	1701
868	1702
117	1702
215	1703
410	1703
579	1704
895	1705
872	1706
971	1706
769	1706
26	1707
323	1708
643	1709
657	1710
60	1710
785	1711
880	1712
47	1713
761	1714
70	1715
479	1716
47	1717
322	1718
452	1719
875	1720
57	1721
184	1721
373	1722
410	1723
369	1724
805	1725
152	1726
33	1726
805	1727
252	1728
70	1729
802	1730
796	1731
127	1732
70	1733
480	1734
986	1735
162	1736
721	1737
479	1738
377	1739
260	1740
47	1741
127	1742
880	1743
502	1744
502	1745
390	1746
419	1747
468	1748
502	1749
503	1750
77	1750
77	1750
643	1751
579	1752
309	1753
465	1753
606	1754
986	1755
673	1756
127	1757
761	1758
979	1759
920	1760
377	1761
465	1762
47	1763
422	1764
598	1765
920	1766
322	1766
170	1766
616	1767
598	1768
164	1769
947	1770
986	1771
616	1771
489	1772
30	1772
245	1773
882	1774
70	1775
207	1776
803	1777
664	1778
722	1779
796	1780
162	1781
152	1782
638	1783
508	1784
446	1785
986	1786
377	1787
302	1788
673	1789
245	1790
70	1791
45	1792
306	1793
313	1794
663	1795
629	1796
986	1797
761	1798
633	1798
880	1799
629	1800
47	1801
55	1802
944	1803
152	1804
859	1805
859	1806
499	1807
287	1808
629	1809
920	1810
920	1810
368	1811
887	1812
845	1812
664	1812
468	1812
805	1813
773	1814
410	1815
541	1816
454	1816
681	1816
761	1817
888	1817
986	1818
664	1819
406	1820
162	1821
127	1822
15	1823
710	1824
692	1824
253	1825
774	1826
47	1827
55	1828
578	1829
223	1829
659	1829
486	1829
986	1830
774	1831
600	1832
715	1833
152	1834
70	1835
850	1835
979	1836
64	1837
761	1838
579	1839
502	1840
556	1841
70	1842
390	1842
174	1842
105	1843
140	1843
468	1844
127	1845
294	1846
70	1847
97	1848
761	1849
199	1850
629	1851
70	1852
629	1852
72	1853
375	1854
337	1854
745	1855
70	1856
673	1857
579	1858
282	1859
410	1860
251	1861
802	1862
880	1862
639	1863
602	1864
785	1865
97	1866
872	1867
831	1868
986	1869
127	1870
920	1871
570	1872
961	1872
487	1873
72	1873
116	1874
26	1875
802	1876
170	1876
979	1877
367	1878
803	1879
410	1879
190	1880
806	1880
629	1881
97	1882
761	1883
322	1883
25	1884
629	1885
745	1886
114	1887
805	1888
152	1889
47	1890
961	1890
805	1891
369	1892
920	1893
880	1894
761	1895
629	1896
765	1897
502	1898
802	1899
170	1899
465	1900
961	1901
479	1902
719	1903
785	1904
745	1905
803	1906
616	1907
785	1907
198	1908
50	1909
127	1910
8	1910
322	1911
825	1912
666	1912
605	1912
50	1913
377	1914
715	1914
785	1915
356	1916
582	1917
185	1917
919	1917
947	1918
570	1919
97	1920
796	1921
643	1922
664	1923
419	1924
837	1925
878	1926
356	1927
979	1928
633	1929
570	1930
961	1930
50	1931
570	1932
961	1932
803	1933
47	1933
804	1934
868	1935
348	1935
397	1936
7	1937
207	1938
699	1938
502	1939
804	1940
886	1941
785	1942
171	1943
468	1944
152	1945
199	1946
761	1947
920	1947
805	1948
785	1949
803	1950
309	1951
175	1952
301	1953
465	1954
47	1955
25	1956
114	1957
436	1958
600	1959
796	1960
629	1961
616	1962
367	1963
396	1964
165	1965
863	1966
763	1966
411	1967
986	1968
956	1969
322	1970
920	1971
729	1972
673	1973
30	1974
4	1974
9	1975
123	1975
850	1976
322	1976
174	1976
803	1977
432	1978
878	1979
371	1980
309	1981
796	1982
947	1983
436	1984
842	1985
419	1986
598	1987
803	1988
301	1989
796	1990
410	1991
381	1992
616	1993
479	1994
850	1995
673	1995
461	1995
880	1996
920	1997
761	1998
766	1999
301	2000
761	2001
920	2001
761	2002
371	2003
479	2004
11	2005
479	2006
175	2006
616	2007
850	2008
802	2009
170	2009
410	2010
434	2011
803	2012
878	2013
410	2014
761	2015
419	2016
309	2017
842	2018
664	2019
761	2020
920	2020
26	2021
620	2022
981	2023
791	2024
791	2025
322	2026
842	2026
403	2027
882	2027
846	2028
791	2029
337	2030
322	2031
102	2031
819	2032
376	2032
850	2033
791	2034
337	2035
986	2036
367	2037
499	2038
479	2039
880	2040
154	2041
180	2042
479	2043
467	2044
353	2045
982	2045
55	2046
368	2047
761	2048
791	2049
322	2050
266	2051
629	2052
353	2053
982	2053
193	2054
152	2055
174	2056
791	2057
791	2058
791	2059
587	2060
580	2060
629	2061
920	2062
598	2063
70	2064
884	2065
479	2066
791	2067
522	2068
30	2069
761	2070
920	2071
785	2072
322	2073
97	2074
939	2075
97	2076
166	2077
506	2077
70	2078
986	2079
465	2079
845	2080
961	2080
616	2081
673	2082
340	2083
986	2083
791	2084
377	2085
920	2086
304	2087
117	2087
170	2088
673	2089
47	2089
616	2090
72	2091
39	2092
419	2093
25	2094
368	2095
770	2096
148	2097
479	2098
479	2099
879	2100
502	2101
479	2102
664	2103
589	2104
761	2105
629	2106
25	2107
226	2108
978	2108
454	2109
681	2109
541	2109
394	2110
479	2111
502	2112
70	2113
377	2114
7	2115
7	2116
70	2117
165	2118
127	2119
875	2120
162	2121
356	2122
479	2123
410	2124
986	2125
664	2126
70	2127
579	2128
703	2129
448	2130
10	2131
799	2131
47	2132
50	2133
322	2134
842	2134
842	2135
25	2136
26	2137
643	2137
377	2138
579	2139
479	2140
301	2141
947	2142
72	2143
755	2143
576	2144
47	2144
479	2145
479	2146
673	2147
629	2148
842	2149
541	2150
454	2150
681	2150
381	2151
322	2152
712	2153
748	2154
216	2154
301	2155
165	2156
47	2157
842	2158
322	2159
356	2160
464	2161
834	2161
246	2161
806	2161
28	2161
613	2161
821	2162
127	2163
114	2164
761	2165
322	2166
70	2167
920	2168
470	2169
26	2170
419	2171
72	2172
774	2173
448	2174
465	2175
598	2176
920	2177
26	2178
643	2178
609	2179
664	2180
114	2181
428	2182
956	2182
675	2183
761	2183
950	2184
920	2185
55	2186
114	2187
479	2188
592	2189
58	2189
394	2190
541	2191
454	2191
681	2191
114	2192
691	2193
541	2194
681	2194
454	2194
454	2195
541	2195
681	2195
114	2196
915	2197
690	2198
772	2199
47	2200
70	2201
242	2202
382	2202
180	2202
70	2203
917	2204
502	2205
600	2206
986	2207
465	2207
616	2207
842	2207
64	2207
356	2208
664	2209
70	2210
127	2211
920	2212
842	2212
847	2213
152	2214
175	2215
502	2216
293	2217
112	2217
70	2218
127	2219
541	2220
454	2220
681	2220
337	2221
245	2222
403	2223
127	2224
721	2225
761	2226
774	2226
152	2227
322	2228
878	2228
97	2229
180	2230
114	2231
301	2232
50	2233
238	2234
901	2234
322	2235
878	2235
920	2236
673	2237
785	2238
920	2239
862	2240
570	2241
880	2241
25	2242
322	2243
70	2244
761	2245
368	2246
541	2247
454	2247
681	2247
114	2248
761	2249
600	2249
579	2250
95	2251
63	2251
502	2252
879	2252
50	2253
761	2254
322	2254
878	2255
382	2256
381	2257
880	2258
579	2259
114	2260
356	2261
673	2262
633	2263
377	2264
880	2265
266	2266
802	2267
170	2267
761	2268
70	2269
301	2270
673	2270
199	2271
541	2272
454	2272
681	2272
889	2273
987	2274
309	2275
762	2276
903	2276
880	2277
514	2278
864	2278
197	2278
502	2279
616	2280
785	2281
761	2282
944	2283
502	2284
576	2285
55	2286
761	2287
465	2287
629	2288
479	2289
47	2289
673	2290
47	2290
920	2291
616	2292
576	2293
413	2294
986	2295
502	2296
796	2297
30	2298
541	2299
454	2299
681	2299
306	2300
306	2301
629	2302
127	2303
880	2304
356	2305
796	2306
385	2307
736	2308
583	2308
322	2309
842	2309
97	2310
303	2311
127	2312
479	2313
0	2314
418	2314
5	2314
391	2314
67	2314
806	2314
410	2315
410	2316
791	2317
374	2318
127	2319
448	2320
576	2321
114	2322
889	2323
920	2324
774	2325
465	2325
842	2326
468	2327
50	2328
785	2329
245	2330
50	2331
301	2332
25	2333
47	2334
301	2335
127	2336
598	2337
803	2338
845	2339
97	2340
803	2341
703	2342
664	2343
437	2344
986	2345
25	2346
50	2347
663	2348
465	2349
802	2349
170	2349
707	2350
505	2350
713	2350
894	2350
48	2350
682	2350
806	2350
893	2351
70	2352
920	2353
30	2353
664	2354
920	2355
174	2356
180	2357
518	2358
302	2359
322	2360
162	2361
920	2362
70	2363
50	2364
547	2365
629	2366
880	2367
842	2368
875	2369
276	2370
761	2371
841	2372
805	2373
231	2374
350	2375
815	2375
725	2375
954	2376
337	2377
508	2378
301	2379
419	2380
580	2381
26	2381
77	2382
132	2382
471	2383
461	2383
8	2383
842	2384
70	2385
936	2385
803	2386
757	2387
72	2388
377	2389
805	2389
673	2390
703	2391
567	2392
70	2393
664	2394
803	2395
802	2395
805	2396
508	2397
875	2398
761	2399
842	2399
356	2400
582	2401
371	2402
979	2403
371	2404
920	2405
850	2405
152	2406
502	2407
25	2408
443	2409
879	2410
301	2411
144	2412
802	2413
290	2413
356	2414
47	2415
377	2416
880	2417
502	2418
842	2419
340	2420
635	2420
541	2421
454	2421
681	2421
785	2422
879	2423
410	2424
936	2425
218	2426
552	2426
851	2426
612	2426
986	2427
114	2428
410	2429
377	2430
715	2430
301	2431
382	2432
180	2432
133	2432
579	2433
842	2434
301	2435
855	2436
807	2436
801	2436
70	2437
13	2438
880	2439
378	2440
579	2441
629	2442
518	2443
872	2444
616	2445
805	2446
939	2447
127	2448
906	2449
150	2450
472	2451
791	2452
930	2453
368	2454
368	2455
745	2456
502	2457
579	2458
629	2459
842	2460
25	2461
97	2462
875	2463
199	2464
203	2465
547	2466
180	2467
47	2468
43	2469
152	2470
664	2471
502	2472
979	2473
162	2474
356	2475
502	2476
986	2477
55	2478
509	2479
152	2480
986	2481
805	2482
802	2483
170	2483
761	2484
356	2485
803	2486
410	2487
603	2488
585	2488
332	2488
119	2489
629	2490
514	2491
894	2492
236	2492
835	2493
586	2493
70	2494
174	2495
664	2496
740	2497
3	2497
569	2497
798	2497
302	2498
172	2499
688	2499
733	2499
806	2499
880	2500
489	2501
502	2502
639	2503
72	2504
70	2505
985	2506
776	2506
432	2507
920	2508
72	2509
547	2510
547	2511
803	2512
299	2513
858	2513
689	2514
665	2514
796	2515
616	2516
309	2517
572	2517
290	2517
309	2517
572	2517
887	2518
570	2518
432	2519
36	2520
761	2521
880	2522
502	2523
97	2524
323	2525
761	2526
306	2527
33	2527
761	2528
570	2528
879	2528
961	2528
405	2529
920	2530
920	2531
331	2532
38	2533
77	2533
377	2534
502	2535
803	2536
986	2537
761	2538
101	2539
847	2539
662	2540
551	2540
317	2541
344	2542
673	2543
802	2543
170	2543
600	2544
479	2545
576	2546
375	2547
405	2547
432	2548
879	2549
50	2550
979	2551
502	2552
663	2553
419	2554
270	2555
829	2555
945	2555
641	2555
434	2556
719	2557
419	2558
502	2559
761	2560
986	2561
468	2562
502	2563
639	2564
174	2565
8	2566
805	2567
796	2568
97	2569
317	2570
368	2571
761	2572
986	2573
983	2574
127	2575
703	2576
72	2577
802	2578
170	2578
215	2579
434	2580
673	2581
802	2582
170	2582
70	2583
846	2584
410	2585
25	2586
888	2586
616	2587
796	2588
322	2589
55	2590
880	2591
224	2592
204	2592
986	2593
419	2594
70	2595
616	2596
845	2597
803	2598
97	2599
356	2600
802	2601
170	2601
266	2602
394	2603
254	2604
72	2604
322	2604
410	2605
522	2606
639	2607
25	2608
518	2609
434	2610
434	2611
518	2612
479	2613
70	2614
434	2615
761	2616
822	2617
438	2617
629	2618
465	2618
70	2619
518	2620
479	2621
337	2622
152	2623
941	2624
986	2625
341	2626
410	2627
245	2628
434	2628
616	2629
97	2630
888	2631
629	2631
920	2632
979	2633
36	2634
703	2634
165	2634
872	2635
900	2636
914	2636
694	2636
435	2636
914	2636
806	2636
70	2637
63	2638
811	2638
127	2639
8	2639
70	2640
368	2641
25	2642
875	2643
199	2644
121	2645
301	2646
301	2647
229	2648
434	2649
761	2650
986	2651
745	2652
25	2653
761	2654
25	2655
880	2656
152	2657
616	2658
805	2659
796	2660
369	2661
97	2662
796	2663
778	2663
337	2664
183	2665
70	2666
880	2667
629	2668
579	2669
396	2670
888	2670
616	2671
377	2672
299	2672
340	2673
4	2674
774	2675
767	2676
979	2677
356	2678
920	2679
199	2680
322	2680
880	2681
986	2682
356	2683
70	2684
70	2685
842	2686
356	2687
796	2688
778	2688
920	2689
703	2690
114	2690
127	2691
616	2692
25	2693
796	2694
778	2694
356	2695
986	2696
175	2697
979	2698
152	2699
880	2700
629	2701
649	2702
356	2703
920	2704
629	2705
432	2706
796	2707
12	2708
842	2709
114	2710
83	2711
70	2712
774	2713
859	2714
872	2715
30	2715
349	2716
502	2717
301	2718
796	2719
356	2720
371	2721
47	2722
371	2723
162	2724
63	2725
95	2725
784	2726
186	2726
228	2726
72	2727
689	2728
679	2728
920	2729
796	2730
778	2730
902	2731
70	2732
796	2733
778	2733
70	2734
70	2735
616	2736
649	2737
920	2737
445	2738
49	2738
160	2738
152	2739
322	2740
673	2740
745	2741
356	2742
322	2743
715	2744
356	2745
880	2746
162	2747
356	2748
419	2749
986	2750
616	2751
97	2752
175	2753
761	2754
84	2755
84	2756
880	2757
436	2758
633	2758
838	2759
796	2760
880	2761
761	2762
502	2763
535	2764
151	2764
47	2765
465	2766
414	2766
121	2767
70	2768
695	2769
774	2770
377	2771
301	2772
33	2772
616	2773
880	2774
880	2775
70	2776
856	2777
48	2777
749	2777
286	2777
806	2777
182	2777
608	2777
128	2777
499	2778
803	2779
796	2780
778	2780
7	2781
881	2782
403	2783
616	2784
70	2785
537	2786
673	2787
961	2788
345	2789
566	2789
281	2790
468	2791
479	2792
502	2793
479	2794
356	2795
785	2796
171	2797
356	2798
70	2799
819	2800
891	2800
655	2801
277	2801
616	2802
880	2803
380	2804
575	2805
499	2806
170	2807
805	2808
721	2809
637	2810
114	2811
880	2812
72	2813
616	2814
55	2815
878	2816
745	2817
774	2818
746	2819
958	2819
698	2819
374	2820
70	2821
762	2822
349	2822
880	2823
823	2824
239	2824
565	2825
880	2826
880	2827
410	2828
878	2829
175	2829
170	2830
518	2831
796	2832
419	2833
880	2834
241	2835
761	2836
811	2837
63	2837
419	2838
95	2839
63	2839
761	2840
502	2841
64	2842
175	2842
64	2843
175	2843
152	2844
436	2845
389	2846
111	2847
102	2847
947	2848
185	2848
723	2849
371	2850
886	2851
845	2852
977	2853
905	2853
880	2854
245	2855
410	2856
745	2857
175	2858
920	2859
70	2860
843	2861
761	2862
410	2862
70	2863
365	2864
553	2864
986	2865
880	2866
518	2867
556	2868
70	2868
479	2869
165	2870
616	2871
920	2872
802	2873
170	2873
886	2874
322	2875
842	2876
282	2876
377	2877
715	2877
544	2878
854	2878
442	2878
943	2878
737	2878
600	2879
878	2880
761	2881
570	2881
879	2881
961	2881
174	2882
322	2883
774	2884
465	2885
427	2886
789	2886
524	2886
419	2887
419	2888
920	2889
979	2889
979	2890
70	2891
796	2892
540	2893
232	2893
813	2893
356	2894
482	2895
761	2895
629	2896
983	2897
929	2898
790	2898
96	2898
543	2898
790	2898
96	2898
884	2899
842	2900
152	2901
11	2902
301	2903
761	2904
419	2905
356	2906
600	2907
419	2908
761	2909
803	2909
842	2909
436	2909
979	2910
423	2911
436	2912
886	2913
410	2914
308	2915
533	2915
781	2915
364	2915
433	2915
518	2916
847	2917
842	2918
761	2919
805	2920
965	2921
920	2922
572	2923
774	2924
39	2925
47	2926
410	2927
301	2928
920	2929
803	2930
158	2931
70	2932
70	2933
143	2934
983	2935
360	2936
946	2937
880	2938
70	2939
629	2939
371	2940
878	2941
842	2942
502	2943
477	2944
761	2945
805	2946
499	2947
761	2948
715	2948
175	2948
489	2948
275	2949
615	2949
70	2950
479	2951
761	2952
266	2952
14	2953
215	2954
629	2954
842	2954
805	2954
479	2955
518	2956
298	2957
924	2957
607	2958
822	2959
378	2960
206	2961
307	2961
986	2962
33	2963
878	2964
30	2965
880	2966
616	2967
127	2968
135	2969
174	2970
629	2971
479	2972
159	2972
70	2973
796	2974
217	2975
803	2976
468	2977
174	2978
377	2979
715	2979
502	2980
503	2981
77	2981
673	2982
174	2982
785	2983
502	2984
325	2985
956	2986
165	2987
947	2988
185	2988
356	2989
651	2990
796	2991
114	2992
84	2993
502	2994
796	2995
84	2996
761	2997
170	2998
114	2999
47	3000
559	3001
70	3002
842	3003
229	3004
761	3005
961	3006
337	3006
489	3007
70	3008
72	3009
175	3010
673	3011
803	3012
719	3013
419	3014
410	3015
199	3016
356	3017
979	3018
479	3019
165	3020
629	3021
786	3022
581	3022
109	3022
596	3022
255	3022
202	3022
673	3023
410	3023
920	3024
448	3025
152	3026
25	3027
502	3028
920	3029
920	3030
774	3030
180	3031
349	3032
356	3033
281	3034
97	3035
199	3036
750	3037
945	3037
169	3037
300	3037
6	3037
708	3037
595	3037
818	3037
938	3037
384	3037
330	3037
510	3037
378	3038
114	3039
162	3040
47	3041
70	3042
576	3043
47	3043
850	3044
340	3045
479	3046
253	3047
114	3048
70	3049
518	3050
902	3051
878	3052
72	3052
502	3053
322	3054
114	3055
359	3056
378	3056
135	3057
114	3058
448	3059
570	3060
13	3060
359	3061
378	3061
356	3062
563	3063
356	3064
165	3065
174	3066
149	3067
704	3067
937	3067
806	3067
629	3068
502	3068
537	3069
356	3070
162	3071
356	3072
114	3073
356	3074
878	3075
174	3076
19	3077
555	3077
972	3077
396	3078
377	3079
152	3080
747	3081
817	3081
872	3082
30	3083
24	3084
378	3085
301	3086
850	3087
114	3088
369	3089
878	3089
461	3090
719	3090
675	3091
369	3091
802	3091
880	3092
371	3093
371	3094
84	3095
796	3096
778	3096
25	3097
880	3098
25	3099
84	3100
949	3101
394	3101
802	3102
948	3103
696	3104
848	3104
416	3104
899	3104
491	3104
481	3104
25	3105
70	3106
721	3107
616	3108
378	3109
97	3110
554	3111
386	3112
378	3113
378	3114
861	3115
920	3116
483	3117
288	3117
340	3118
880	3119
30	3119
378	3120
616	3121
875	3122
502	3123
629	3124
928	3125
97	3126
368	3127
97	3128
761	3129
16	3130
833	3130
617	3131
721	3132
522	3133
80	3134
84	3135
192	3136
761	3137
643	3138
40	3139
881	3140
12	3141
765	3142
846	3142
803	3143
38	3144
322	3145
880	3146
774	3147
170	3148
673	3149
720	3150
920	3151
986	3152
785	3153
853	3154
979	3155
165	3156
314	3157
761	3158
804	3158
434	3159
165	3160
245	3161
434	3161
983	3162
761	3163
616	3164
301	3165
271	3166
517	3167
70	3168
18	3169
154	3170
670	3171
284	3172
115	3172
777	3173
538	3173
507	3174
905	3174
348	3174
920	3175
306	3176
33	3176
488	3177
667	3177
147	3177
434	3178
419	3179
371	3180
70	3181
880	3182
761	3183
241	3184
865	3185
368	3186
75	3187
518	3188
616	3189
721	3190
268	3190
761	3191
897	3192
945	3192
230	3192
30	3193
306	3194
745	3195
159	3196
498	3197
963	3198
97	3199
803	3200
12	3200
448	3201
920	3202
816	3203
793	3203
377	3204
165	3205
70	3206
626	3207
640	3207
782	3208
70	3209
394	3210
936	3210
209	3211
668	3211
272	3212
760	3212
629	3213
127	3214
796	3215
502	3216
165	3217
703	3217
301	3218
368	3219
468	3220
371	3221
631	3222
673	3223
47	3223
70	3224
26	3225
72	3226
616	3227
880	3228
880	3229
410	3230
761	3231
774	3231
410	3231
785	3232
499	3233
616	3234
101	3235
101	3236
70	3237
761	3238
796	3239
215	3240
215	3241
394	3242
936	3242
936	3243
394	3243
796	3244
778	3244
796	3245
778	3245
796	3246
778	3246
79	3247
419	3248
79	3249
502	3250
579	3251
55	3252
979	3253
329	3254
819	3254
785	3255
761	3256
920	3256
322	3256
208	3257
126	3257
808	3257
319	3257
610	3257
761	3258
845	3258
199	3258
664	3258
100	3258
599	3258
756	3259
70	3260
847	3261
199	3262
465	3263
309	3264
64	3265
394	3266
936	3266
714	3267
695	3268
351	3269
846	3269
394	3270
936	3270
762	3271
94	3272
207	3273
878	3274
472	3274
185	3275
70	3275
986	3276
419	3277
207	3278
419	3279
70	3280
911	3281
931	3282
819	3282
880	3283
980	3284
874	3285
322	3286
842	3286
761	3287
920	3287
629	3288
880	3288
454	3289
681	3289
541	3289
229	3290
245	3291
888	3291
631	3291
888	3291
880	3292
570	3293
803	3293
114	3294
785	3295
356	3296
72	3297
290	3298
879	3299
514	3299
378	3300
920	3301
378	3302
479	3303
722	3304
878	3305
94	3306
986	3307
356	3308
47	3309
502	3309
703	3309
920	3310
919	3311
468	3312
629	3313
434	3314
434	3315
26	3316
434	3317
419	3318
803	3319
802	3319
170	3319
803	3320
152	3321
675	3322
802	3322
502	3323
620	3324
502	3325
367	3326
502	3327
26	3328
174	3329
877	3330
70	3331
207	3332
680	3333
743	3333
430	3333
328	3333
152	3334
143	3335
377	3336
7	3337
47	3338
152	3339
986	3340
502	3341
70	3342
340	3343
842	3344
884	3344
673	3345
774	3346
396	3347
664	3348
487	3349
185	3350
629	3351
84	3352
754	3352
322	3353
174	3354
70	3355
127	3356
390	3357
767	3357
423	3357
875	3357
222	3358
70	3358
579	3359
633	3360
322	3361
367	3362
72	3363
842	3363
251	3363
70	3364
322	3365
920	3366
70	3367
119	3368
111	3368
371	3369
53	3370
877	3371
44	3371
11	3371
309	3372
822	3373
920	3374
401	3374
502	3375
673	3375
25	3376
878	3377
422	3378
616	3379
502	3380
622	3381
36	3382
804	3383
47	3384
70	3385
616	3386
359	3387
378	3387
359	3388
378	3388
617	3389
174	3390
359	3391
378	3391
531	3392
359	3393
378	3393
359	3394
378	3394
36	3395
432	3395
499	3396
616	3397
880	3398
502	3399
502	3400
152	3401
26	3402
896	3403
895	3404
70	3405
313	3406
309	3407
887	3408
570	3408
502	3409
591	3410
785	3411
629	3412
468	3413
371	3414
55	3415
785	3416
880	3417
616	3418
785	3418
887	3419
570	3419
871	3420
204	3420
638	3421
70	3422
986	3423
436	3423
878	3424
803	3425
802	3425
502	3426
850	3427
64	3427
101	3428
916	3429
253	3430
877	3431
874	3432
761	3433
26	3434
70	3435
761	3436
785	3437
936	3438
229	3439
127	3440
129	3440
180	3441
356	3441
231	3442
162	3443
673	3444
70	3445
487	3445
436	3445
7	3446
229	3447
410	3448
673	3449
70	3450
936	3451
761	3452
805	3453
785	3454
803	3455
502	3456
616	3457
322	3458
846	3459
842	3460
114	3460
761	3461
47	3461
251	3461
624	3462
70	3463
762	3464
25	3465
796	3466
502	3467
193	3468
47	3469
407	3470
157	3470
785	3471
337	3472
822	3473
231	3474
616	3475
986	3476
796	3477
287	3478
629	3479
162	3480
796	3481
245	3482
356	3483
306	3484
12	3484
796	3485
673	3486
47	3486
638	3487
377	3488
55	3489
796	3490
920	3491
165	3492
721	3493
64	3494
340	3494
855	3495
796	3496
214	3497
611	3497
685	3497
812	3497
278	3497
840	3497
611	3497
56	3497
812	3497
278	3497
285	3497
200	3497
925	3497
278	3497
518	3498
796	3499
70	3500
805	3501
127	3502
664	3503
479	3504
152	3505
695	3506
761	3507
785	3508
165	3509
170	3510
322	3511
803	3512
7	3512
26	3513
70	3514
50	3515
371	3516
523	3517
819	3517
170	3518
774	3519
162	3519
865	3519
920	3520
761	3521
629	3522
805	3522
865	3523
410	3523
983	3524
502	3525
502	3526
371	3527
985	3528
542	3529
761	3530
502	3531
479	3532
72	3533
802	3534
768	3535
37	3535
447	3535
918	3535
97	3536
502	3537
410	3538
371	3539
371	3540
371	3541
410	3542
371	3543
97	3544
774	3545
598	3546
796	3547
371	3548
371	3549
4	3550
392	3551
591	3552
616	3553
468	3554
251	3555
138	3556
846	3557
301	3558
762	3559
460	3559
47	3560
530	3561
576	3562
880	3563
880	3564
309	3565
785	3566
822	3567
70	3568
919	3569
78	3570
964	3570
443	3571
479	3572
614	3573
419	3574
502	3575
616	3576
309	3577
12	3577
879	3578
461	3578
738	3579
362	3579
468	3580
721	3581
643	3582
180	3583
425	3584
985	3585
301	3586
25	3587
673	3588
865	3588
761	3589
802	3590
70	3591
371	3592
479	3593
97	3594
785	3595
25	3596
616	3597
616	3598
282	3599
877	3600
878	3601
796	3602
419	3603
723	3604
479	3605
983	3606
180	3607
528	3608
359	3609
378	3609
785	3610
920	3611
880	3612
101	3613
33	3613
162	3614
97	3615
322	3616
879	3617
461	3617
377	3618
705	3619
842	3620
30	3621
879	3622
410	3623
961	3624
796	3625
152	3626
673	3627
410	3627
986	3628
570	3629
434	3630
162	3631
291	3632
634	3632
363	3632
774	3633
162	3634
805	3635
410	3636
143	3637
904	3638
410	3639
859	3640
721	3641
846	3642
803	3643
639	3643
979	3644
880	3645
633	3646
489	3646
434	3647
120	3648
663	3649
616	3650
774	3651
47	3651
371	3652
419	3653
389	3654
368	3655
986	3656
570	3657
961	3657
47	3658
878	3659
664	3660
570	3661
961	3661
850	3662
322	3662
847	3663
600	3664
686	3665
70	3666
761	3666
920	3666
986	3666
842	3666
479	3667
703	3668
434	3669
309	3670
82	3670
892	3671
194	3671
497	3672
54	3673
785	3674
518	3675
616	3676
690	3677
50	3677
434	3678
47	3679
570	3680
961	3680
70	3681
502	3682
761	3683
152	3683
629	3684
294	3685
799	3685
475	3685
920	3686
979	3687
629	3688
850	3689
502	3690
570	3691
803	3691
419	3692
920	3693
920	3694
804	3695
880	3696
921	3697
961	3697
847	3698
302	3699
356	3700
337	3701
356	3702
465	3703
880	3704
761	3705
349	3705
761	3706
377	3707
213	3708
301	3709
775	3710
302	3711
502	3712
403	3713
70	3714
816	3715
288	3715
986	3716
803	3717
487	3718
822	3719
381	3720
593	3721
919	3722
865	3723
162	3724
301	3725
986	3726
162	3727
774	3727
479	3727
70	3728
461	3729
97	3730
539	3731
802	3732
936	3733
127	3734
114	3735
70	3736
50	3737
517	3738
517	3739
984	3740
196	3740
663	3741
127	3742
570	3743
517	3743
594	3744
947	3745
410	3746
621	3747
343	3747
623	3747
220	3747
650	3747
880	3748
920	3749
309	3750
761	3751
517	3751
249	3752
361	3752
703	3753
774	3754
97	3755
878	3756
761	3757
377	3758
744	3759
987	3760
410	3761
715	3762
97	3763
419	3764
102	3765
502	3766
180	3767
180	3768
180	3769
616	3770
796	3771
349	3772
349	3773
70	3774
296	3775
370	3775
178	3775
806	3775
368	3776
745	3777
774	3778
231	3779
262	3779
162	3780
805	3781
850	3782
633	3782
261	3783
55	3784
576	3785
479	3786
301	3787
77	3788
132	3788
979	3789
983	3789
664	3790
774	3790
869	3790
70	3791
878	3792
479	3793
785	3794
800	3795
796	3796
803	3797
802	3797
326	3798
21	3799
358	3799
548	3799
974	3799
6	3799
548	3799
654	3800
410	3801
846	3802
629	3803
785	3803
127	3804
723	3805
55	3806
410	3807
879	3808
803	3808
479	3809
290	3810
25	3811
616	3812
796	3813
432	3814
879	3815
502	3816
920	3817
338	3818
340	3819
70	3820
55	3821
576	3822
359	3823
378	3823
434	3824
359	3825
378	3825
356	3826
986	3827
356	3828
579	3829
419	3830
761	3831
693	3832
785	3832
70	3833
55	3834
371	3835
761	3836
802	3836
761	3837
465	3837
322	3837
468	3838
356	3839
70	3840
356	3841
663	3842
127	3843
616	3844
878	3845
174	3846
986	3847
457	3848
274	3848
806	3848
97	3849
359	3850
378	3850
377	3851
47	3852
70	3853
97	3854
986	3855
114	3856
803	3857
732	3857
361	3858
901	3858
805	3859
986	3860
70	3861
761	3861
791	3862
956	3863
484	3863
356	3864
368	3865
673	3866
259	3867
761	3868
340	3868
47	3868
165	3869
499	3870
983	3871
985	3872
846	3873
127	3874
170	3875
465	3875
847	3876
616	3877
55	3878
340	3879
337	3879
979	3880
410	3881
170	3882
322	3883
166	3884
70	3885
55	3886
619	3887
952	3887
697	3887
849	3887
335	3887
912	3887
976	3888
107	3888
318	3888
371	3889
25	3890
986	3891
761	3892
616	3893
796	3894
371	3895
375	3896
70	3897
337	3898
802	3899
170	3899
802	3900
170	3900
289	3901
927	3901
408	3901
788	3901
169	3901
926	3902
189	3902
130	3902
47	3903
842	3904
502	3905
359	3906
378	3906
359	3907
378	3907
359	3908
378	3908
359	3909
378	3909
389	3910
282	3911
12	3911
846	3912
154	3913
502	3914
785	3915
461	3916
842	3916
802	3917
170	3917
579	3918
33	3918
576	3919
616	3920
354	3921
342	3921
450	3921
920	3922
70	3923
861	3924
920	3925
785	3926
762	3927
306	3928
377	3929
797	3930
141	3931
983	3932
803	3933
322	3934
266	3934
761	3935
761	3936
986	3936
878	3937
703	3938
155	3939
161	3939
73	3939
806	3939
942	3940
25	3941
70	3942
417	3943
70	3944
753	3945
806	3945
852	3945
761	3946
920	3946
97	3947
465	3948
30	3949
114	3950
180	3951
356	3952
889	3953
723	3954
468	3955
366	3956
761	3957
309	3958
663	3959
410	3960
410	3961
162	3962
72	3963
528	3964
356	3965
211	3966
526	3967
787	3967
348	3967
47	3968
986	3969
584	3970
806	3970
616	3971
606	3972
802	3973
170	3973
576	3974
615	3975
802	3976
170	3976
802	3977
170	3977
598	3978
629	3979
920	3980
842	3980
847	3980
663	3981
177	3982
867	3982
346	3982
108	3982
806	3982
735	3982
453	3982
802	3983
170	3983
359	3984
378	3984
805	3985
842	3986
803	3987
785	3988
419	3989
113	3990
410	3991
127	3992
723	3992
631	3993
842	3993
773	3993
465	3993
297	3994
97	3995
127	3996
468	3997
796	3998
792	3999
70	4000
761	4001
803	4002
25	4003
25	4004
805	4005
47	4006
880	4007
383	4008
914	4008
494	4008
473	4008
806	4008
576	4009
25	4010
337	4011
730	4012
199	4013
410	4014
865	4015
616	4016
419	4017
664	4018
162	4019
322	4020
377	4021
337	4022
356	4023
502	4024
301	4025
97	4026
499	4027
55	4028
175	4029
410	4030
368	4031
506	4032
322	4033
673	4034
47	4034
309	4035
761	4036
368	4037
466	4038
165	4039
842	4039
986	4040
600	4041
25	4042
64	4042
97	4043
415	4044
676	4045
450	4045
322	4046
410	4047
802	4048
170	4048
25	4049
570	4050
404	4051
377	4052
30	4053
97	4054
34	4055
502	4056
796	4057
850	4058
979	4059
518	4060
979	4061
629	4062
805	4062
850	4063
887	4063
796	4064
985	4065
152	4066
306	4067
377	4068
174	4068
865	4068
517	4069
983	4069
887	4069
785	4070
879	4071
316	4072
63	4072
20	4073
745	4074
63	4075
95	4075
63	4076
95	4076
517	4077
405	4078
802	4079
170	4079
774	4080
917	4081
616	4082
301	4083
985	4084
463	4085
168	4085
740	4085
52	4085
301	4086
658	4087
426	4087
441	4087
872	4088
629	4089
502	4090
301	4091
638	4092
773	4093
162	4094
410	4095
301	4096
410	4097
803	4098
410	4099
70	4100
773	4101
25	4102
55	4103
316	4104
717	4104
55	4105
802	4106
170	4106
55	4107
55	4108
55	4109
785	4110
55	4111
55	4112
162	4113
55	4114
796	4115
479	4116
55	4117
762	4118
344	4118
30	4119
745	4119
157	4120
511	4120
205	4121
673	4122
629	4123
369	4124
706	4125
94	4126
506	4127
499	4128
706	4129
673	4130
367	4130
436	4131
322	4132
432	4133
502	4134
785	4135
880	4136
859	4137
162	4138
70	4139
499	4140
70	4141
368	4142
822	4143
368	4144
72	4145
231	4146
301	4147
152	4148
499	4149
887	4150
570	4150
664	4151
616	4152
419	4153
215	4154
162	4155
400	4156
173	4157
368	4158
661	4159
951	4159
639	4160
152	4161
598	4162
673	4163
616	4164
337	4165
70	4166
152	4167
30	4168
761	4169
368	4170
18	4171
579	4172
922	4173
368	4174
850	4175
796	4176
499	4177
734	4178
663	4179
120	4180
70	4181
211	4182
152	4183
62	4184
574	4184
751	4184
629	4185
673	4186
425	4187
371	4188
616	4189
518	4190
302	4191
152	4192
969	4193
957	4194
70	4195
165	4195
504	4195
805	4196
474	4197
340	4198
761	4199
465	4199
70	4200
802	4201
47	4201
579	4202
502	4203
410	4203
245	4204
97	4205
97	4206
881	4207
152	4208
502	4209
822	4210
673	4211
502	4212
785	4212
306	4213
761	4214
152	4215
245	4216
170	4216
152	4217
322	4218
377	4218
534	4219
101	4220
344	4221
920	4222
97	4223
337	4224
629	4225
880	4225
459	4226
290	4227
855	4228
502	4229
165	4230
290	4231
860	4232
65	4232
940	4233
579	4234
97	4235
598	4236
25	4237
179	4238
315	4238
865	4239
628	4240
550	4241
844	4241
320	4241
806	4241
310	4242
761	4242
865	4243
629	4244
403	4245
162	4246
70	4247
349	4248
720	4249
449	4249
549	4249
131	4250
935	4251
70	4252
773	4253
64	4253
629	4254
792	4255
215	4256
934	4257
305	4257
502	4258
410	4259
664	4260
460	4261
730	4261
508	4262
502	4263
879	4264
301	4265
761	4266
64	4266
322	4266
570	4267
70	4268
734	4269
165	4270
819	4271
134	4271
180	4272
651	4273
301	4274
361	4275
249	4275
761	4276
340	4276
616	4277
399	4278
340	4279
70	4280
664	4281
487	4281
465	4282
465	4283
419	4284
616	4285
84	4286
377	4287
301	4288
25	4289
479	4290
188	4291
533	4291
29	4291
17	4291
806	4291
461	4292
803	4293
639	4293
780	4294
979	4295
639	4295
579	4296
796	4297
377	4298
865	4299
375	4300
499	4301
879	4302
114	4303
47	4304
745	4305
86	4306
752	4306
51	4306
419	4307
419	4308
986	4309
59	4310
93	4310
913	4310
920	4311
761	4312
910	4312
966	4312
434	4313
675	4314
803	4314
410	4314
50	4315
607	4316
920	4317
465	4317
731	4318
251	4319
850	4320
389	4320
785	4321
774	4322
723	4323
502	4324
479	4325
176	4326
187	4327
745	4328
805	4329
290	4330
460	4330
762	4331
460	4331
745	4332
398	4333
152	4334
803	4335
97	4336
847	4337
986	4337
785	4338
87	4339
322	4340
152	4340
884	4340
152	4341
502	4342
598	4343
629	4344
371	4345
70	4346
880	4347
55	4348
842	4349
410	4350
677	4351
533	4351
688	4351
733	4351
806	4351
165	4352
649	4353
468	4354
334	4355
124	4355
403	4356
356	4357
61	4358
564	4358
47	4359
537	4360
301	4361
885	4362
70	4363
629	4364
317	4365
502	4366
215	4367
600	4368
368	4369
785	4370
337	4371
870	4372
125	4373
95	4373
796	4374
796	4375
802	4376
170	4376
979	4377
295	4378
979	4379
410	4380
174	4381
97	4382
774	4383
874	4384
785	4385
986	4386
306	4387
810	4388
348	4388
616	4389
986	4390
642	4391
45	4391
25	4392
842	4393
154	4394
122	4395
979	4396
986	4397
880	4398
152	4399
152	4400
676	4401
450	4401
880	4402